1423
954 11163
1125 11331
1296 11499
1467 11667
1657 11796
1847 11925
2037 12054
2238 12207
2439 12360
2640 12513
2878 12523
3116 12533
3354 12543
3518 12493
3682 12443
3846 12393
8463 7794
8022 7527
7581 7260
7140 6993
6731 6624
6322 6255
5913 5886
5521 5494
5129 5102
4737 4710
4599 5158
4461 5606
4323 6054
4214 6774
4105 7494
3996 8214
3995 9017
3994 9820
3993 10623
3921 10962
3849 11301
3777 11640
3728 11861
3679 12082
3630 12303
4092 12912
4554 13521
5016 14130
5115 14201
5214 14272
5313 14343
5424 14243
5535 14143
5646 14043
5654 13804
5662 13565
5670 13326
5850 12873
6030 12420
6210 11967
6568 11400
6926 10833
7284 10266
7594 9796
7904 9326
8214 8856
8436 8512
8658 8168
8880 7824
9039 7645
9198 7466
9357 7287
9500 7077
9643 6867
9786 6657
9904 6326
10022 5995
10140 5664
10221 5686
10302 5708
10383 5730
10464 5391
10545 5052
10626 4713
10803 4540
10980 4367
11157 4194
11408 4287
11659 4380
11910 4473
12218 5012
12526 5551
12834 6090
13024 6299
13214 6508
13404 6717
13654 6877
13904 7037
14154 7197
7497 7227
8397 6658
9297 6089
10197 5520
8814 5910
9276 5450
9738 4990
10200 4530
10599 4271
10998 4012
11397 3753
9447 5457
9749 5278
10051 5099
10353 4920
1833 6300
2051 5882
2269 5464
2487 5046
2709 4485
2931 3924
3153 3363
3370 2581
3587 1799
3804 1017
3774 6153
3766 5741
3758 5329
3750 4917
3998 4207
4246 3497
4494 2787
7014 4320
7175 3701
7336 3082
7497 2463
11196 504
11354 1164
11512 1824
11670 2484
11849 2917
12028 3350
12207 3783
12549 4214
12891 4645
13233 5076
13400 5346
13567 5616
13734 5886
13766 6036
13798 6186
13830 6336
14068 6475
14306 6614
14544 6753
14847 7054
15150 7355
15453 7656
15554 8114
15655 8572
15756 9030
15973 8880
16190 8730
16407 8580
15747 7956
16028 7053
16309 6150
16590 5247
16749 5880
16908 6513
17067 7146
16916 7644
16765 8142
16614 8640
16314 9159
16014 9678
15714 10197
11436 3480
11412 2952
11388 2424
11364 1896
20034 8916
19974 8445
19914 7974
19854 7503
19488 6702
19122 5901
18756 5100
18442 4080
18128 3060
17814 2040
17607 1528
17400 1016
17193 504
19200 4524
18989 3208
18778 1892
18567 576
20874 6690
20738 5261
20602 3832
20466 2403
20443 1801
20420 1199
20397 597
20496 2523
20715 2870
20934 3217
21153 3564
20550 1404
20720 1595
20890 1786
21060 1977
21148 2280
21236 2583
21324 2886
16797 11667
17379 11406
17961 11145
18543 10884
18981 10748
19419 10612
19857 10476
20149 10232
20441 9988
20733 9744
20932 9498
21131 9252
21330 9006
17976 15207
17894 14859
17812 14511
17730 14163
17690 14013
17650 13863
17610 13713
17519 13624
17428 13535
17337 13446
17257 13165
17177 12884
17097 12603
16939 12204
16781 11805
16623 11406
16441 11145
16259 10884
16077 10623
15896 10432
15715 10241
15534 10050
15397 9840
15260 9630
15123 9420
14744 9079
14365 8738
13986 8397
17280 14103
17248 14260
17216 14417
17184 14574
17187 14916
17257 15193
17327 15470
17397 15747
17418 16070
17439 16393
17460 16716
17492 17176
17524 17636
17556 18096
16704 13623
16594 13171
16484 12719
16374 12267
16195 11887
16016 11507
15837 11127
15640 10750
15443 10373
15246 9996
7086 15210
7033 14492
6980 13774
6927 13056
7068 12654
7209 12252
7350 11850
7579 11528
7808 11206
8037 10884
8156 10628
8275 10372
8394 10116
8417 9904
8440 9692
8463 9480
8526 11976
8656 11454
8786 10932
8916 10410
9166 9950
9416 9490
9666 9030
9914 8812
10162 8594
10410 8376
10960 8285
11510 8194
12060 8103
12492 8131
12924 8159
13356 8187
13622 8338
13888 8489
14154 8640
8964 8850
9264 8619
9564 8388
9864 8157
10116 8120
10368 8083
10620 8046
10822 8083
11024 8120
11226 8157
11034 11367
11394 11248
11754 11129
12114 11010
12605 11031
13096 11052
13587 11073
13868 11264
14149 11455
14430 11646
16107 13533
16160 13281
16213 13029
16266 12777
9534 13026
9514 12722
9494 12418
9474 12114
9690 13653
9942 13832
10194 14011
10446 14190
13074 13974
13078 13864
13082 13754
13086 13644
10944 15237
10734 15059
10524 14881
10314 14703
9837 13293
10050 13124
10263 12955
10476 12786
10755 12594
11034 12402
11313 12210
11673 12128
12033 12046
12393 11964
12781 12005
13169 12046
13557 12087
13826 12218
14095 12349
14364 12480
14518 12581
14672 12682
14826 12783
14895 12882
14964 12981
15033 13080
14800 13078
14567 13076
14334 13074
14156 13094
13978 13114
13800 13134
13592 13098
13384 13062
13176 13026
12975 13072
12774 13118
12573 13164
12303 13235
12033 13306
11763 13377
11531 13357
11299 13337
11067 13317
10808 13348
10549 13379
10290 13410
10160 13372
10030 13334
9900 13296
11097 12396
11196 12443
11295 12490
11394 12537
11616 12496
11838 12455
12060 12414
12331 12376
12602 12338
12873 12300
13082 12298
13291 12296
13500 12294
13548 12295
13596 12296
13644 12297
13664 12247
13684 12197
13704 12147
10356 13266
10362 13176
10368 13086
10374 12996
10584 12903
10794 12810
11004 12717
11124 12709
11244 12701
11364 12693
11647 12662
11930 12631
12213 12600
12502 12548
12791 12496
13080 12444
13248 12475
13416 12506
13584 12537
13668 12569
13752 12601
13836 12633
13956 12633
14076 12633
14196 12633
14293 12673
14390 12713
14487 12753
14489 12833
14491 12913
14493 12993
5493 14034
5580 14205
5667 14376
5754 14547
5727 14669
5700 14791
5673 14913
5847 15144
5739 15027
5631 14910
5523 14793
5421 14780
5319 14767
5217 14754
5096 14808
4975 14862
4854 14916
4735 15122
4616 15328
4497 15534
4406 15825
4315 16116
4224 16407
4214 16679
4204 16951
4194 17223
4185 17424
4176 17625
4167 17826
4157 18166
4147 18506
4137 18846
4647 17814
4640 17567
4633 17320
4626 17073
4666 16784
4706 16495
4746 16206
5196 16443
5343 16314
5490 16185
5637 16056
5610 16295
5583 16534
5556 16773
5094 15633
5157 15523
5220 15413
5283 15303
6213 16686
6210 16503
6207 16320
6204 16137
6118 15859
6032 15581
5946 15303
16014 8433
16134 8073
16254 7713
16374 7353
11100 4344
11322 4515
11544 4686
11766 4857
11955 5179
12144 5501
12333 5823
12442 6124
12551 6425
12660 6726
12701 6955
12742 7184
12783 7413
13040 7623
13297 7833
13554 8043
13854 8322
14154 8601
14454 8880
13044 6447
13214 6727
13384 7007
13554 7287
13778 7597
14002 7907
14226 8217
14362 8510
14498 8803
14634 9096
7500 13446
7499 13303
7498 13160
7497 13017
7569 12897
7641 12777
7713 12657
17880 15510
17861 15748
17842 15986
17823 16224
17680 16227
17537 16230
17394 16233
12837 17856
12827 17652
12817 17448
12807 17244
12709 17047
12611 16850
12513 16653
12352 16440
12191 16227
12030 16014
11858 15834
11686 15654
11514 15474
11216 15436
10918 15398
10620 15360
10258 15388
9896 15416
9534 15444
9265 15576
8996 15708
8727 15840
8578 16078
8429 16316
8280 16554
8269 16916
8258 17278
8247 17640
8259 17868
8271 18096
8283 18324
8451 18498
8619 18672
8787 18846
9036 18985
9285 19124
9534 19263
9927 19230
10320 19197
10713 19164
11041 19117
11369 19070
11697 19023
11940 18841
12183 18659
12426 18477
12566 18280
12706 18083
12846 17886
13075 17904
13304 17922
13533 17940
13744 17880
13955 17820
14166 17760
14143 17490
14120 17220
14097 16950
14136 16742
14175 16534
14214 16326
14327 16043
14440 15760
14553 15477
14734 15276
14915 15075
15096 14874
15355 14826
15614 14778
15873 14730
16200 14708
16527 14686
16854 14664
17127 14736
17400 14808
17673 14880
17873 15179
18073 15478
18273 15777
18343 16156
18413 16535
18483 16914
18431 17134
18379 17354
18327 17574
18249 17707
18171 17840
18093 17973
17872 18092
17651 18211
17430 18330
17118 18390
16806 18450
16494 18510
16235 18521
15976 18532
15717 18543
15459 18533
15201 18523
14943 18513
14782 18380
14621 18247
14460 18114
14339 17986
14218 17858
14097 17730
11523 15444
11581 15306
11639 15168
11697 15030
11795 14973
11893 14916
11991 14859
12117 14887
12243 14915
12369 14943
12567 14839
12765 14735
12963 14631
13094 14521
13225 14411
13356 14301
13454 14282
13552 14263
13650 14244
13751 14256
13852 14268
13953 14280
14054 14348
14155 14416
14256 14484
14307 14574
14358 14664
14409 14754
14468 14765
14527 14776
14586 14787
14654 14777
14722 14767
14790 14757
14773 14971
14756 15185
14739 15399
14614 15713
14489 16027
14364 16341
14338 16541
14312 16741
14286 16941
14283 17146
14280 17351
14277 17556
14300 17852
14323 18148
14346 18444
12066 14919
12126 14869
12186 14819
12246 14769
12353 14716
12460 14663
12567 14610
12690 14562
12813 14514
12936 14466
13011 14442
13086 14418
13161 14394
14223 14463
14275 14462
14327 14461
14379 14460
14448 14481
14517 14502
14586 14523
14591 14562
14596 14601
14601 14640
9309 17703
9459 17793
9609 17883
9759 17973
9963 18015
10167 18057
10371 18099
10595 18106
10819 18113
11043 18120
11194 18098
11345 18076
11496 18054
11585 17999
11674 17944
11763 17889
11741 17813
11719 17737
11697 17661
11567 17632
11437 17603
11307 17574
11056 17569
10805 17564
10554 17559
10303 17586
10052 17613
9801 17640
9641 17647
9481 17654
9321 17661
9807 17313
9961 17230
10115 17147
10269 17064
10495 17045
10721 17026
10947 17007
11086 17066
11225 17125
11364 17184
14367 17367
14481 17431
14595 17495
14709 17559
14908 17583
15107 17607
15306 17631
15514 17605
15722 17579
15930 17553
16079 17491
16228 17429
16377 17367
16540 17221
16703 17075
16866 16929
16795 16915
16724 16901
16653 16887
16533 16900
16413 16913
16293 16926
16033 16956
15773 16986
15513 17016
15291 17091
15069 17166
14847 17241
14731 17234
14615 17227
14499 17220
14444 17272
14389 17324
14334 17376
14754 16920
14905 16840
15056 16760
15207 16680
15371 16627
15535 16574
15699 16521
15909 16535
16119 16549
16329 16563
14844 18195
15079 18067
15314 17939
15549 17811
15781 17828
16013 17845
16245 17862
16466 17775
16687 17688
16908 17601
17057 17526
17206 17451
17355 17376
17306 17530
17257 17684
17208 17838
17035 17967
16862 18096
16689 18225
16407 18314
16125 18403
15843 18492
15530 18556
15217 18620
14904 18684
14773 18643
14642 18602
14511 18561
14641 18420
14771 18279
14901 18138
9384 18777
9556 18708
9728 18639
9900 18570
10195 18555
10490 18540
10785 18525
11141 18454
11497 18383
11853 18312
12040 18335
12227 18358
12414 18381
12478 18450
12542 18519
12606 18588
12503 18652
12400 18716
12297 18780
12036 18842
11775 18904
11514 18966
11112 18978
10710 18990
10308 19002
10149 18983
9990 18964
9831 18945
9678 18874
9525 18803
9372 18732
9855 18717
10224 18741
10593 18765
10962 18789
11284 18744
11606 18699
11928 18654
15246 18285
15384 18229
15522 18173
15660 18117
15838 18122
16016 18127
16194 18132
16481 18005
16768 17878
17055 17751
15708 18321
15930 18290
16152 18259
16374 18228
16587 18125
16800 18022
17013 17919
10416 18915
10849 18878
11282 18841
11715 18804
10284 18636
10549 18653
10814 18670
11079 18687
11241 18639
11403 18591
11565 18543
11721 18566
11877 18589
12033 18612
10443 17985
10440 17893
10437 17801
10434 17709
11091 17667
11157 17722
11223 17777
11289 17832
11262 17884
11235 17936
11208 17988
15135 17505
15109 17478
15083 17451
15057 17424
15073 17379
15089 17334
15105 17289
15729 17031
15785 17070
15841 17109
15897 17148
15898 17246
15899 17344
15900 17442
15642 17499
15671 17453
15700 17407
15729 17361
15706 17317
15683 17273
15660 17229
15593 17229
15526 17229
15459 17229
15404 17261
15349 17293
15294 17325
15294 17358
15294 17391
15294 17424
15337 17466
15380 17508
15423 17550
15471 17539
15519 17528
15567 17517
10923 18015
10966 17969
11009 17923
11052 17877
11004 17814
10956 17751
10908 17688
10828 17676
10748 17664
10668 17652
10616 17717
10564 17782
10512 17847
10562 17890
10612 17933
10662 17976
11607 17868
11595 17832
11583 17796
11571 17760
11619 17744
11667 17728
11715 17712
11683 17755
11651 17798
11619 17841
14451 17481
14487 17495
14523 17509
14559 17523
14583 17445
14607 17367
14631 17289
14555 17331
14479 17373
14403 17415
12312 16707
12383 16897
12454 17087
12525 17277
12523 17526
12521 17775
12519 18024
8586 18642
8503 18629
8420 18616
8337 18603
8343 18675
8349 18747
8355 18819
8515 18822
8675 18825
8835 18828
8295 18858
8130 18860
7965 18862
7800 18864
7595 18940
7390 19016
7185 19092
7146 18828
7300 18765
7454 18702
7608 18639
7860 18629
8112 18619
8364 18609
18408 17223
18506 17268
18604 17313
18702 17358
18703 17406
18704 17454
18705 17502
18472 17543
18239 17584
18006 17625
17829 17661
17652 17697
17475 17733
17502 17409
17774 17371
18046 17333
18318 17295
10710 12894
10714 13001
10718 13108
10722 13215
11373 12705
11356 12881
11339 13057
11322 13233
11859 12675
11871 12845
11883 13015
11895 13185
12357 12678
12363 12813
12369 12948
12375 13083
13023 12549
13025 12671
13027 12793
13029 12915
13572 12576
13583 12698
13594 12820
13605 12942
13884 12603
13889 12715
13894 12827
13899 12939
15078 12132
15287 12368
15496 12604
15705 12840
11655 12384
11658 12330
11661 12276
11664 12222
11868 12345
11875 12305
11882 12265
11889 12225
12300 12276
12304 12207
12308 12138
12312 12069
12738 12243
12726 12191
12714 12139
12702 12087
13032 12216
13046 12173
13060 12130
13074 12087
13389 12285
13386 12225
13383 12165
13380 12105
4869 13881
4612 13974
4355 14067
4098 14160
4105 14347
4112 14534
4119 14721
4076 15084
4033 15447
3990 15810
3877 16166
3764 16522
3651 16878
3508 16968
3365 17058
3222 17148
3155 17208
3088 17268
3021 17328
2968 17563
2915 17798
2862 18033
2973 18260
3084 18487
3195 18714
3221 18841
3247 18968
3273 19095
3176 19186
3079 19277
2982 19368
3022 19496
3062 19624
3102 19752
2925 20031
2748 20310
2571 20589
2770 20493
2969 20397
3168 20301
3386 20293
3604 20285
3822 20277
3983 20445
4144 20613
4305 20781
4316 21099
4327 21417
4338 21735
4516 22120
4694 22505
4872 22890
5056 23351
5240 23812
5424 24273
5645 24609
5866 24945
6087 25281
6310 25649
6533 26017
6756 26385
7007 26543
7258 26701
7509 26859
7768 27091
8027 27323
8286 27555
8608 27619
8930 27683
9252 27747
9703 27667
10154 27587
10605 27507
11161 27643
11717 27779
12273 27915
12663 27972
13053 28029
13443 28086
13685 27948
13927 27810
14169 27672
14335 27532
14501 27392
14667 27252
14971 27142
15275 27032
15579 26922
15791 26904
16003 26886
16215 26868
16369 26754
16523 26640
16677 26526
17083 26361
17489 26196
17895 26031
18160 25619
18425 25207
18690 24795
18674 24459
18658 24123
18642 23787
18785 23764
18928 23741
19071 23718
19118 23465
19165 23212
19212 22959
19271 22710
19330 22461
19389 22212
19412 21932
19435 21652
19458 21372
19424 21299
19390 21226
19356 21153
19441 20782
19526 20411
19611 20040
19585 19601
19559 19162
19533 18723
19440 18496
19347 18269
19254 18042
19172 17939
19090 17836
19008 17733
18972 17480
18936 17227
18900 16974
18714 16659
18528 16344
18342 16029
4035 19044
4216 18854
4397 18664
4578 18474
4893 18219
5208 17964
5523 17709
5803 17398
6083 17087
6363 16776
6394 17030
6425 17284
6456 17538
6612 17648
6768 17758
6924 17868
6973 18217
7022 18566
7071 18915
7260 19177
7449 19439
7638 19701
7693 20150
7748 20599
7803 21048
8060 21416
8317 21784
8574 22152
9098 22184
9622 22216
10146 22248
10397 22149
10648 22050
10899 21951
11432 21797
11965 21643
12498 21489
13046 21441
13594 21393
14142 21345
14335 21395
14528 21445
14721 21495
15080 21509
15439 21523
15798 21537
16088 21611
16378 21685
16668 21759
16860 21853
17052 21947
17244 22041
17369 21795
17494 21549
17619 21303
17689 20969
17759 20635
17829 20301
17811 19930
17793 19559
17775 19188
17734 18894
17693 18600
17652 18306
21336 9063
21973 8044
22610 7025
23247 6006
23527 5185
23807 4364
24087 3543
24288 2434
24489 1325
24690 216
31440 1860
31441 1560
31442 1260
31443 960
31420 911
31397 862
31374 813
31327 792
31280 771
31233 750
31161 772
31089 794
31017 816
31006 866
30995 916
30984 966
31914 1830
31916 1472
31918 1114
31920 756
32100 756
32260 756
32420 756
798 22215
892 22272
986 22329
1080 22386
1204 22431
1328 22476
1452 22521
1624 22532
1796 22543
1968 22554
2076 22549
2184 22544
2292 22539
2421 22522
2550 22505
2679 22488
2819 22445
2959 22402
3099 22359
3345 22279
3591 22199
3837 22119
4035 22062
4233 22005
4431 21948
19509 21891
19711 21847
19913 21803
20115 21759
20328 21693
20541 21627
20754 21561
20906 21451
21058 21341
21210 21231
21338 21143
21466 21055
21594 20967
21727 20889
21860 20811
21993 20733
22151 20642
22309 20551
22467 20460
22797 20380
23127 20300
23457 20220
23609 20189
23761 20158
23913 20127
24263 20127
24613 20127
24963 20127
25104 20168
25245 20209
25386 20250
25724 20330
26062 20410
26400 20490
26662 20602
26924 20714
27186 20826
27405 20915
27624 21004
27843 21093
28071 21154
28299 21215
28527 21276
28776 21225
29025 21174
29274 21123
29434 21131
29594 21139
29754 21147
29966 21060
30178 20973
30390 20886
30660 20816
30930 20746
31200 20676
31392 20625
31584 20574
31776 20523
31975 20440
32174 20357
32373 20274
32484 20187
32595 20100
32706 20013
