 324110
-442472
 626686
-157678
 508681
 123414
 -77867
 155091
 129801
 287381
 604242
 686904
-247109
  77867
 982455
-210707
-922943
-738817
  85168
 855430
-365580
-174307
 -28560
 888769
-887534
-563503
 752524
 777031
 385644
-768774
 211244
 792814
-475905
 968127
-504909
 570656
-458444
-957331
 259322
-648617
 451074
 858015
 849248
-361918
-683640
-449851
-363749
-425926
 418216
-609284
 460009
 331758
-600376
 325398
 279751
 592222
 309723
  52921
 600291
 799037
 836049
-190454
  13962
-714343
 696033
-403836
-712535
 604362
-847079
 -30113
 823044
-574291
 -72109
 719281
-963727
-769033
-600693
-247829
-781838
-313995
 911682
 347184
-212857
  63665
 261049
-445002
 486913
 372622
 980111
 982505
-951004
 954267
 915640
-547139
-885732
-774826
-227720
-893313
 795588
 971211
 791015
 394414
 164076
-859625
 537219
-892930
-845554
-565040
 892346
 102526
 910215
-830346
 774953
-293457
-572511
-159280
-139108
 -97334
 506426
 642376
 629152
 372320
-517648
-229939
 428961
-793788
 -16086
 766244
 -54579
-319593
-946477
 392983
 435056
 875219
-634233
 556428
-590678
 112319
 992315
-337996
-936733
-804778
-812737
 444997
-321854
 260607
-995238
-200178
-529036
 682635
 211115
-577791
 920543
 -80231
 916493
 182127
-531138
 453301
-373267
  61223
-321958
  39091
-996360
-782894
 417514
-621224
 522552
 277801
 462527
  13993
-571145
-676773
-995703
-243121
 -79501
-823446
   3752
-707560
-678513
-393162
-935044
-276906
-838348
 835297
 560932
 772977
 540991
-658828
-886234
-870617
 932155
 379079
-787514
 -29053
-337377
-151704
-253629
 116961
-281535
-804548
 537990
 429475
 224490
 885580
-420629
 109608
 980970
 642530
 606412
 351747
-224986
 138245
 890709
-545923
 835064
 101415
 684676
 -68820
 759875
 919553
 624935
 434153
 528724
-275460
-419373
-643979
 787492
-319799
 927391
 884937
 505657
 731506
  34460
 -35046
 312107
-571519
-128606
 133913
-656907
 603957
-927326
-469740
 273535
-337231
-457525
-504646
-646744
-968928
 738608
-854881
 732644
 -82093
-856265
  44642
-862390
 957227
 113632
-308416
  41615
 527037
-713618
 899052
-117086
-416608
  43048
 365817
 588070
 700452
 129509
-268428
 688173
 673832
 480764
 237135
-347900
 523029
 533184
-255682
 711522
  19655
 866805
 317427
 415281
 -28199
-111100
-171898
 426130
 410799
 451727
 117522
 660726
 555231
 791462
-865279
 774168
 967991
 -18011
-832957
-796763
-324240
-783640
-211464
-492085
 186262
 660350
 474337
 588629
 317172
-633289
 -36117
 507060
 541570
 795353
-596978
-898727
-841635
 853802
  54901
 361258
-987905
-946036
 -58272
-381063
 715065
 375327
-835676
-992987
 365767
-268590
 843587
-646024
-388939
 555361
-362188
-292056
 565601
 -47693
 612036
-980069
-419480
-889860
-129634
 167493
 144380
-782888
 809497
 462622
 302939
   3713
 111411
-936854
 -99730
 207982
-334505
 294760
-327691
 757517
 495093
 791226
-235083
 268094
 460776
-426822
-397962
 577958
-977640
-288684
 195591
-531517
-336007
  57722
 -32795
 466030
-278615
-320623
 -57055
-323521
 297510
  90864
-214291
 973069
-287099
-841365
 545938
-460220
 508901
-362886
-760131
-233322
 407003
 697277
 405503
 800247
-175302
 521278
 640041
-329103
 557979
  62036
-211495
-148533
  62953
 404633
 931814
 344681
-596255
 816725
 613568
 954160
 381175
-461917
 848349
-737258
 616425
 634774
-629685
  23476
 436204
-168651
 309422
 162829
 290661
 134845
  23600
 402262
 132590
 277263
 168729
-376511
 696201
-471425
 254285
 534350
 936035
-729767
 911027
 936398
  21331
 869514
 888131
 -48071
 228453
 857928
-599335
 937300
 833713
 192333
 864355
 491077
 681232
 465256
-716939
 -40371
 485202
 331339
 595432
 149488
-876765
 129696
-859289
-425124
-812820
-292618
-930317
-499507
-119878
-212959
-994740
-716238
 -17003
 872209
 548234
-922602
  61542
-353374
 327228
-177725
-655935
-900680
-792106
 642240
 772772
-804914
-995066
-753357
-383827
-189595
 581514
-247009
 727345
 867724
-425815
 461296
-957420
 126403
-852597
-456706
-762747
 926542
-839699
-646113
-409543
 332271
 -80657
 128780
  57270
 584000
 294023
-798573
-692763
-455503
 388789
 554045
  59963
 911562
 192881
-488395
 433430
 370450
-329206
 694324
-782042
-427901
 609580
 -36651
 998473
-151404
 205241
-974048
 870014
 -84797
 848956
 610693
 126179
 458679
-135078
 679658
-252520
-525516
-944917
  14012
-223666
-509104
 822059
 690752
-262316
-594101
-629916
-537314
 149020
-436848
  24792
-139712
-139176
 906191
-933803
 -46738
 478221
-424557
 635225
-858766
-563074
-849510
 252687
-912832
-558731
-109559
 280581
 963744
 -80572
-211861
-740864
-447956
 -89299
  29332
 469027
 413574
-628054
-464183
-703305
-649243
-724916
-328020
  21738
-322299
  64798
 907006
 498846
 442156
-944626
 250472
-127244
-328763
 167838
-383120
 -56748
 957635
  43367
 925113
-911790
-740346
-983833
-298332
 756239
 657567
-311188
-768080
 456458
 990436
 -74716
-108444
 -98513
-208341
 961734
-809296
 500720
 748165
-967768
-723803
 754493
  27309
 416553
 162767
-734249
-752843
-860684
 801881
-935652
 610017
-315464
 247311
-269875
-224334
  36942
-360570
-595578
-580087
-878838
 505594
-804297
-894253
-717857
 -38107
-286508
-911536
 834955
 801917
-494182
 982827
 -90639
 171085
  28894
 839425
 824349
 550487
-556223
 109057
  50036
-887957
  13249
-781897
 449152
 157230
-836793
-965512
 -62421
 314459
 376329
-627027
 -36842
-554384
-998166
 870161
 274276
-199842
-206363
-946257
-665512
-144455
-469754
-762852
 436698
-504329
-576758
 -10101
  80208
-295622
 187200
-634375
-503829
 788979
-377552
-186188
 341795
 299160
 353040
 758024
-469125
-730521
 -34140
 192459
 -71993
-810902
-787207
 330345
-793873
 190249
 166391
-668168
 551724
-652633
-739504
-554333
  99424
 691654
    799
-481921
 987322
-428705
 796319
 753946
 746786
-674624
 841298
 859462
-624859
-110004
-731945
-747859
-113011
 -82083
-105195
 893174
-600389
 268512
-191476
 478744
 880226
-687353
 751400
 221096
-432403
-602473
-179527
-743232
-222225
-970557
 343548
 838535
-686477
 857710
 960511
 899267
  19224
-618988
 917652
 320032
 157851
 447761
 373669
-708568
-766164
-915079
 119494
-473727
 645453
 965213
-469880
 763345
 122580
 -89569
 795133
  -3804
 290466
-770946
-484360
-832555
-102563
 399179
 608824
-311674
 254169
 633233
 127369
  74759
-745498
-801226
  79503
 235431
 982460
-979884
 626428
 503981
 357470
-951626
 137429
-623468
-470509
 162945
 498960
-902553
-191940
 955297
 802520
 730353
-205982
-353629
-922841
 158067
-920065
 601743
-914042
-425739
-604961
 434126
-628156
-538714
-607305
-479330
 716626
-207239
-586727
 -87121
 -31858
 256135
 502483
  79912
 793931
-340389
-274955
 701364
-664149
 369421
-614205
-186429
 968590
 617616
-844854
  13820
-593972
-172856
-706976
-860224
-747081
-279833
 175220
 866819
-234617
 907170
 148332
-996154
-937783
 898582
 374249
 918540
 320033
-962741
-227609
-514064
 588778
 719321
-572308
-770447
 780168
-547520
 -95438
 912225
 110116
 795126
 791849
-265833
-182776
-973906
-498923
-491303
-667047
-485843
-149999
 711423
-754924
-812044
 285786
 136603
-625465
 251183
 736897
  44775
-923132
 344513
  30024
-851367
 482843
-275108
 568155
 559533
-191003
 714442
-461824
 904890
-902746
 665382
 301119
 227126
 783842
 994005
-184519
 -12288
 351224
-544108
 -46241
 525250
 -17212
 766177
 394661
-345589
 618544
 -87160
 408165
 742963
-898893
-932391
 297920
-433014
-795259
 868234
 525192
 519784
 256271
  27498
-389121
 337879
 785184
-281493
 796831
-592129
-818759
 992407
 145021
 930836
 691455
 603847
-737143
 746326
 254306
-948879
 165187
-544075
-352451
 382087
 -81671
-363300
-782961
 373581
 658712
 397791
-942537
  61204
 338489
-691244
 -68085
-722026
-877264
-183806
 445749
-145489
-252366
 665551
  31175
 440030
-653723
 557902
-847432
 522581
-741474
 296906
 808478
 158597
 163608
  19000
 884840
 165980
 508884
 750319
-795078
-908450
 655522
-503323
 225022
 132875
-578453
-651611
 240984
-623898
-224982
 669548
 699096
 205562
 314844
 341808
 745942
-452424
 874009
-754415
 505325
-270006
  89762
-313009
-263648
-829302
 107574
 316710
 505334
-147637
 720437
 237400
-704871
-402513
 192348
 459116
-420911
 526797
 774577
-362375
 302805
-234221
-504400
 118376
 945319
 458247
-809668
-290709
-127478
 452478
 931553
 318410
-451033
 644604
-963787
 617844
-159681
 895570
-358471
 233357
-882788
 682132
-519404
-390711
 162281
 198983
 934460
 661441
 -14362
-501734
 697389
 605926
-429882
 434340
 464346
 939856
-703902
 675838
 934413
-549828
 336717
 853674
-878793
-660229
-332141
-967199
-528929
  85505
 503251
-872825
-387895
-519505
 943562
-378496
-308141
-536388
-580605
  20012
 208783
-198138
 111582
 811587
-997719
-533213
 948214
 422316
-361498
-366083
-993661
-379439
 813743
 634661
-812709
 146366
-405375
 -97051
-111874
 -43878
 323966
 984306
  57646
 405057
-156488
-987062
-495982
 934278
 319508
-287206
 612019
 385696
-595705
 941481
 731419
 937342
-273067
  71257
 414079
 833206
-221911
-910736
-594185
-424143
 139202
 199524
-159888
  56789
 703205
 -77878
 434296
 218510
  43848
-789613
 654762
 274109
-587073
 944779
-203597
 254105
 979497
 312570
 712376
 707071
 872413
  45309
-466133
 749655
 347293
-738552
-864468
 343239
 971288
-250615
-669193
-331347
 103790
 926595
 822293
-223027
-851520
 423384
 785939
-686415
-938113
-734788
-366236
  44339
-574115
 965408
 978366
-843249
-973655
 490502
 113503
 865856
-672614
  23278
 428509
-276545
-509529
-275947
  90367
-788860
 659835
-721429
-944254
-308380
 120516
 -78706
-983669
-400487
 632513
 835762
 234311
 871904
 754357
 359084
-609140
  50632
 291670
-744477
-450973
 232365
-858978
 474497
-876607
  99214
-253315
-728740
-647568
 631747
-852370
-656136
-814506
-212101
 164411
 727933
 724849
 425449
 660288
-408857
-595751
-947668
-991721
 782227
 938988
 608233
 905530
-985337
-251553
-587480
-501293
 -96852
-969385
 657739
-581153
-278680
 959133
 384519
-228609
 712083
 576866
 742870
-613125
-942713
 876078
-473470
-289968
-798588
-716234
 461105
 589805
-875720
-688265
-466551
 -69935
 370716
-515484
 768806
-329433
 170476
 824244
 293944
-110050
 819649
 150108
 268583
 -42630
-354888
-758952
 324123
 606590
-663456
-486173
-482227
-433857
-794147
 284680
 491843
 -48561
-978198
 -88785
-477897
-990556
 467976
-847716
-554260
-996146
 985141
 937044
-921403
  38405
 784440
 400440
 663024
 438275
 155748
-479124
 131781
 -55729
 845902
 -13159
-469879
 421763
 244425
  22759
 807269
  46096
 389739
-179600
-629792
  -1512
-603240
 -49374
 286767
-408843
 807148
-328660
-168292
 437720
 576409
-599034
 188579
 794652
 -62628
-207171
-448182
-478131
-782459
 824320
-382337
-754755
 838126
 105729
-490885
 251171
-814488
 217170
-450690
 403009
 821283
 298015
 -20684
 -58454
 584822
-658218
 710499
-583645
-457120
-309566
 508248
 192213
-546564
-924435
-377003
 -15525
-563493
 219956
 816096
 699621
-117488
 491511
 -27731
 491892
 279142
 392590
-953017
 394255
-399395
 771274
 966248
 141664
 178496
 557119
 277952
-123127
 561422
-447545
 848040
 313804
-229067
 351324
 701411
-369244
 574164
-188350
 226626
 875491
 919013
-327747
-604901
 986514
 515547
-115164
 389612
-330385
-302257
-977899
  93641
-683983
 162541
-273363
 262099
 -91765
 -41418
-418732
-124243
-567981
 184906
-989948
 175744
 697511
 260262
-139861
 181170
-329967
 336575
-831801
-887956
 420658
-544494
 281180
  71305
-370988
 384953
 -20368
 583947
-794500
 722678
-457122
 147811
-952583
 817201
-201191
 819816
-796813
 331449
-882886
  42990
-208786
 862546
-966745
-586166
 -95381
 -68464
 731518
 896187
-569623
-130295
 968998
-893110
 221165
-346431
 188370
 730200
-619544
 578474
 545832
-137965
-443783
-188839
-628384
-858215
-914237
-675467
 183971
 898547
 594157
-506770
 793553
 220302
 220755
 716557
 263656
 848675
-966707
 835646
-467251
-891424
-613833
 824666
 359282
 701138
 -10676
 261263
 -85235
 120038
 276450
-580700
-170397
 695411
-704098
 477393
 787233
 826193
 795098
 299563
 865574
 830902
 428853
-480205
-259141
-971507
-905599
-749887
-402595
-844963
 280615
-367772
-872088
  28673
-983790
-334345
-637623
 494354
-488541
-729357
-770243
 111610
 -89746
 382092
 734985
 792646
-295946
  21071
 425005
 654765
 306594
 753413
-579023
 720223
  47940
 720266
 709829
-221717
-581239
 513364
-383153
 718358
 780473
-431827
-577982
 949796
 954139
 460972
 936339
 142969
-889201
-478720
 520333
 458005
 208173
 508991
-494463
-328387
-146579
 755911
-729285
 169101
 -81057
 134316
 328094
 637846
-502070
 490537
 690922
 480078
 858684
 769445
 522162
-542985
 941450
 956148
 605153
 883016
-361199
 174035
-469406
-192459
 610365
 803767
 660210
  54384
 704949
-674365
 905972
-268244
 197895
-261843
-845217
-116567
  -1256
 868632
 772025
-679634
-255922
 666783
  33400
 353730
 262653
 660501
 563006
-855415
-715284
 153105
 896611
 691918
 464647
 454400
 142582
 100019
 795863
 463243
-621022
 697738
 319153
 257176
 -96199
-173647
 660398
 995100
-253583
 669392
-619103
-598139
 951707
-633096
-616735
-621017
  64467
 838310
 688174
-126303
 970156
 232112
-218080
-961198
 789045
-272629
-567877
 -71232
-125607
 531013
-621425
 502904
 131243
-653346
-371429
 544295
-149029
-665219
-779223
 253595
  47747
-359226
 268992
-260337
 886547
 936374
-143106
-595571
-791586
-898132
 927161
 307233
-612859
-829626
-306923
 994318
-207403
 962290
-701939
 992009
 -10587
 457058
-541751
-812481
-534237
 881087
-354401
-340782
-834490
 734785
-996309
 168571
 387966
 538306
-364300
-511129
-276935
 -55253
-836219
-978752
-394247
  51200
-468662
-263637
-198106
 232147
 -95536
-619433
-320951
 626403
 226070
-901827
 468958
 527876
 485989
-853053
 894592
-637881
-907367
 221729
 513162
 674740
-133498
  51555
 917474
 614408
-876834
 398506
-458462
 762316
  73042
-638090
 232364
 841617
-662379
 -20591
 978383
-165527
-233495
 516811
 225955
 341017
 936925
 551507
-931079
 633646
-272854
 -20347
-737781
-208273
 177456
-584809
 489032
-454082
 487171
  99179
 602017
  17966
-556606
-599205
-337366
-589037
 836986
 266751
 518631
-113295
 493510
-436226
-611740
-639080
 431664
-840816
-539215
-246217
 358959
 797471
 876410
 352270
 224209
-643779
-385289
 372550
 868633
 902555
-200775
-445246
 952140
 121702
 716827
-320911
-721358
 152184
-545942
-738577
 404002
 637484
 468587
 368095
 -17518
 891964
 642492
 483856
 692338
 479198
 405068
-326536
-221546
-786247
 366386
-103365
-740305
 622873
 568849
-732347
-329099
-757619
 -57514
-704889
-155770
 771521
 840762
-306119
 681814
-925644
-362809
-769449
 131459
-709282
-720950
 245228
-350621
 -92402
-576987
 986707
-681258
 542265
 318528
-295305
-509970
 401283
 -41691
-438120
-680959
 904982
 181275
-139709
 900557
 804852
 391842
 820546
-169474
-728309
-649552
 209203
 976845
-104755
  93730
 478590
  -1415
 311469
 458767
 765117
 725803
 261424
 -85647
-913774
-103194
-713789
 443229
 382755
 -52962
 -24748
-927226
-327335
-446507
-289413
 317625
 513680
 460850
-812212
 276241
-783424
-249726
-355563
 414421
 807441
-840903
 690051
 172329
-393571
-680634
 906680
-552447
-527882
 855498
 -22663
 735287
 254760
 166061
   -210
 247711
-191671
-588053
 856126
-311846
-969571
-257004
  33914
-478323
 830756
 117373
-867337
 562194
 672942
-797236
-560327
-512736
 391271
 795746
-577740
-504760
 352879
 -44569
-241265
-264570
-282308
-380248
 618396
 370475
 542512
-142468
-698797
 171136
 782273
 106738
  60662
 397240
-139334
 759089
 -41116
 384488
 413947
 273452
 940620
 735416
-944123
-364774
 963512
-696251
-431578
-573825
 -15347
-735047
-208072
  28948
-121026
-518225
 670172
 562778
 952835
-897904
 399811
-968372
-383393
 867425
 440383
 863294
  -7080
 963881
-739819
-472211
 762634
-586467
 124931
-754463
-611510
 -17535
 980370
 -69279
-993211
 372981
-463553
 462364
 740327
  70838
-969984
 135509
 -38790
 634449
-175472
-282890
-879920
-558505
 999372
 916031
 158641
 949397
 388158
 273789
 235287
-620373
-855640
 492487
-480968
-598151
